CB4856.g9689.t1	100.0 92.61 93.85 92.76 99.13 99.13 99.13 99.13 99.13 99.13 98.7 92.76 92.76 99.13 100.0 99.1
DL238.g17666.t1	92.61 100.0 93.4 92.05 93.04 93.04 93.04 93.04 93.04 93.04 92.61 91.67 91.67 93.04 93.12 93.98
ECA36.g1278.t1	93.85 93.4 100.0 99.54 94.87 94.87 94.87 94.87 94.87 94.87 94.36 99.07 99.07 94.87 94.38 94.63
ECA396.g21218.t1	92.76 92.05 99.54 100.0 93.67 93.67 93.67 93.67 93.67 93.67 93.21 98.88 98.88 93.67 93.75 93.0
EG4725.g6891.t1	99.13 93.04 94.87 93.67 100.0 100.0 100.0 100.0 100.0 100.0 99.57 93.67 93.67 100.0 100.0 100.0
JU1400.g19413.t1	99.13 93.04 94.87 93.67 100.0 100.0 100.0 100.0 100.0 100.0 99.57 93.67 93.67 100.0 100.0 100.0
JU2526.g18735.t1	99.13 93.04 94.87 93.67 100.0 100.0 100.0 100.0 100.0 100.0 99.57 93.67 93.67 100.0 100.0 100.0
JU2600.g7909.t1	99.13 93.04 94.87 93.67 100.0 100.0 100.0 100.0 100.0 100.0 99.57 93.67 93.67 100.0 100.0 100.0
JU310.g3166.t1	99.13 93.04 94.87 93.67 100.0 100.0 100.0 100.0 100.0 100.0 99.57 93.67 93.67 100.0 100.0 100.0
MY2147.g9876.t1	99.13 93.04 94.87 93.67 100.0 100.0 100.0 100.0 100.0 100.0 99.57 93.67 93.67 100.0 100.0 100.0
MY2693.g6314.t1	98.7 92.61 94.36 93.21 99.57 99.57 99.57 99.57 99.57 99.57 100.0 93.21 93.21 99.57 99.38 99.55
N2.F19B10.1	92.76 91.67 99.07 98.88 93.67 93.67 93.67 93.67 93.67 93.67 93.21 100.0 100.0 93.67 94.38 92.22
NIC2.g2855.t1	92.76 91.67 99.07 98.88 93.67 93.67 93.67 93.67 93.67 93.67 93.21 100.0 100.0 93.67 94.38 92.22
NIC526.g6848.t1	99.13 93.04 94.87 93.67 100.0 100.0 100.0 100.0 100.0 100.0 99.57 93.67 93.67 100.0 100.0 100.0
QX1794.g9909.t1	100.0 93.12 94.38 93.75 100.0 100.0 100.0 100.0 100.0 100.0 99.38 94.38 94.38 100.0 100.0 100.0
XZ1516.g2199.t1	99.1 93.98 94.63 93.0 100.0 100.0 100.0 100.0 100.0 100.0 99.55 92.22 92.22 100.0 100.0 100.0
