CB4856.g9688.t1	100.0 87.77 84.3 86.77 98.91 98.91 99.13 99.13 99.13 99.13 98.91 86.27 86.27 99.13 98.77 99.02
DL238.g17665.t1	87.77 100.0 87.76 88.78 89.32 89.32 89.12 89.12 89.12 89.12 89.32 89.03 89.03 89.12 89.32 89.08
ECA36.g1279.t1	84.3 87.76 100.0 96.84 85.8 85.8 85.6 85.6 85.6 85.6 85.8 98.28 98.28 85.6 85.8 85.41
ECA396.g21219.t1	86.77 88.78 96.84 100.0 88.17 88.17 87.97 87.97 87.97 87.97 88.17 98.26 98.26 87.97 88.17 87.88
EG4725.g6892.t1	98.91 89.32 85.8 88.17 100.0 100.0 99.86 99.86 99.86 99.86 100.0 87.68 87.68 99.86 99.87 99.86
JU1400.g19414.t1	98.91 89.32 85.8 88.17 100.0 100.0 99.86 99.86 99.86 99.86 100.0 87.68 87.68 99.86 99.87 99.86
JU2526.g18736.t1	99.13 89.12 85.6 87.97 99.86 99.86 100.0 100.0 100.0 100.0 99.86 87.47 87.47 100.0 99.72 99.85
JU2600.g7910.t1	99.13 89.12 85.6 87.97 99.86 99.86 100.0 100.0 100.0 100.0 99.86 87.47 87.47 100.0 99.72 99.85
JU310.g3167.t1	99.13 89.12 85.6 87.97 99.86 99.86 100.0 100.0 100.0 100.0 99.86 87.47 87.47 100.0 99.72 99.85
MY2147.g9877.t1	99.13 89.12 85.6 87.97 99.86 99.86 100.0 100.0 100.0 100.0 99.86 87.47 87.47 100.0 99.72 99.85
MY2693.g6313.t1	98.91 89.32 85.8 88.17 100.0 100.0 99.86 99.86 99.86 99.86 100.0 87.68 87.68 99.86 99.87 99.86
N2.F19B10.10	86.27 89.03 98.28 98.26 87.68 87.68 87.47 87.47 87.47 87.47 87.68 100.0 100.0 87.47 87.68 87.37
NIC2.g2856.t1	86.27 89.03 98.28 98.26 87.68 87.68 87.47 87.47 87.47 87.47 87.68 100.0 100.0 87.47 87.68 87.37
NIC526.g6849.t1	99.13 89.12 85.6 87.97 99.86 99.86 100.0 100.0 100.0 100.0 99.86 87.47 87.47 100.0 99.72 99.85
QX1794.g9910.t1	98.77 89.32 85.8 88.17 99.87 99.87 99.72 99.72 99.72 99.72 99.87 87.68 87.68 99.72 100.0 99.73
XZ1516.g2200.t1	99.02 89.08 85.41 87.88 99.86 99.86 99.85 99.85 99.85 99.85 99.86 87.37 87.37 99.85 99.73 100.0
