CB4856.g9699.t1	100.0 88.51 89.38 89.62 97.74 98.75 99.07 99.07 99.07 99.07 99.07 89.31 89.06 99.07 97.39 97.82
DL238.g17671.t1	88.51 100.0 94.92 94.88 86.67 88.85 89.19 89.19 89.19 89.19 89.19 94.54 94.58 89.19 87.59 89.86
ECA36.g1274.t1	89.38 94.92 100.0 100.0 89.02 90.0 90.31 90.31 90.31 90.31 90.31 99.69 99.69 90.31 89.87 90.94
ECA396.g21214.t1	89.62 94.88 100.0 100.0 89.02 90.25 90.57 90.57 90.57 90.57 90.57 99.69 99.69 90.57 89.87 91.19
EG4725.g6880.t1	97.74 86.67 89.02 89.02 100.0 98.49 98.87 98.87 98.87 98.87 98.87 88.64 88.64 98.87 97.74 97.36
JU1400.g19401.t1	98.75 88.85 90.0 90.25 98.49 100.0 99.69 99.69 99.69 99.69 99.69 89.94 89.69 99.69 98.05 98.44
JU2526.g18723.t1	99.07 89.19 90.31 90.57 98.87 99.69 100.0 100.0 100.0 100.0 100.0 90.25 90.0 100.0 98.37 98.75
JU2600.g7898.t1	99.07 89.19 90.31 90.57 98.87 99.69 100.0 100.0 100.0 100.0 100.0 90.25 90.0 100.0 98.37 98.75
JU310.g3155.t1	99.07 89.19 90.31 90.57 98.87 99.69 100.0 100.0 100.0 100.0 100.0 90.25 90.0 100.0 98.37 98.75
MY2147.g9864.t1	99.07 89.19 90.31 90.57 98.87 99.69 100.0 100.0 100.0 100.0 100.0 90.25 90.0 100.0 98.37 98.75
MY2693.g6325.t1	99.07 89.19 90.31 90.57 98.87 99.69 100.0 100.0 100.0 100.0 100.0 90.25 90.0 100.0 98.37 98.75
N2.F40H7.4	89.31 94.54 99.69 99.69 88.64 89.94 90.25 90.25 90.25 90.25 90.25 100.0 100.0 90.25 89.54 90.88
NIC2.g2851.t1	89.06 94.58 99.69 99.69 88.64 89.69 90.0 90.0 90.0 90.0 90.0 100.0 100.0 90.0 89.54 90.62
NIC526.g6837.t1	99.07 89.19 90.31 90.57 98.87 99.69 100.0 100.0 100.0 100.0 100.0 90.25 90.0 100.0 98.37 98.75
QX1794.g9898.t1	97.39 87.59 89.87 89.87 97.74 98.05 98.37 98.37 98.37 98.37 98.37 89.54 89.54 98.37 100.0 97.07
XZ1516.g2191.t1	97.82 89.86 90.94 91.19 97.36 98.44 98.75 98.75 98.75 98.75 98.75 90.88 90.62 98.75 97.07 100.0
